0.000000 1.000000 1.000000
0.000000 2.000000 1.000000
0.000000 3.000000 1.000000
0.000000 4.000000 1.000000
0.000000 5.000000 1.000000
0.000000 6.000000 1.000000
0.000000 7.000000 1.000000
0.000000 8.000000 1.000000
0.000000 9.000000 1.000000
0.000000 10.000000 1.000000
0.000000 11.000000 1.000000
0.000000 12.000000 1.000000
0.000000 13.000000 1.000000
0.000000 14.000000 1.000000
0.000000 15.000000 1.000000
0.000000 16.000000 1.000000
0.000000 17.000000 1.000000
0.000000 18.000000 1.000000
0.000000 19.000000 1.000000
0.000000 20.000000 1.000000
0.000000 21.000000 1.000000
0.000000 22.000000 1.000000
0.000000 23.000000 1.000000
0.000000 24.000000 1.000000
0.000000 25.000000 1.000000
0.000000 26.000000 1.000000
0.000000 27.000000 1.000000
0.000000 28.000000 1.000000
0.000000 29.000000 1.000000
0.000000 30.000000 1.000000
0.000000 31.000000 1.000000
0.000000 32.000000 1.000000
0.000000 33.000000 1.000000
0.000000 34.000000 1.000000
0.000000 35.000000 1.000000
0.000000 36.000000 1.000000
0.000000 37.000000 1.000000
0.000000 38.000000 1.000000
0.000000 39.000000 1.000000
0.000000 40.000000 1.000000
0.000000 41.000000 1.000000
0.000000 42.000000 1.000000
0.000000 43.000000 1.000000
0.000000 44.000000 1.000000
0.000000 45.000000 1.000000
0.000000 46.000000 1.000000
0.000000 47.000000 1.000000
0.000000 48.000000 1.000000
0.000000 49.000000 1.000000
0.000000 50.000000 1.000000
0.000000 51.000000 1.000000
0.000000 52.000000 1.000000
0.000000 53.000000 1.000000
0.000000 54.000000 1.000000
0.000000 55.000000 1.000000
0.000000 56.000000 1.000000
0.000000 57.000000 1.000000
0.000000 58.000000 1.000000
0.000000 59.000000 1.000000
0.000000 60.000000 1.000000
0.000000 61.000000 1.000000
0.000000 62.000000 1.000000
0.000000 63.000000 1.000000
0.000000 64.000000 1.000000
0.000000 65.000000 1.000000
0.000000 66.000000 1.000000
0.000000 67.000000 1.000000
0.000000 68.000000 1.000000
0.000000 69.000000 1.000000
0.000000 70.000000 1.000000
0.000000 71.000000 1.000000
0.000000 72.000000 1.000000
0.000000 73.000000 1.000000
0.000000 74.000000 1.000000
0.000000 75.000000 1.000000
0.000000 76.000000 1.000000
0.000000 77.000000 1.000000
0.000000 78.000000 1.000000
0.000000 79.000000 1.000000
0.000000 80.000000 1.000000
0.000000 81.000000 1.000000
0.000000 82.000000 1.000000
0.000000 83.000000 1.000000
0.000000 84.000000 1.000000
0.000000 85.000000 1.000000
0.000000 86.000000 1.000000
0.000000 87.000000 1.000000
0.000000 88.000000 1.000000
0.000000 89.000000 1.000000
0.000000 90.000000 1.000000
0.000000 91.000000 1.000000
0.000000 92.000000 1.000000
0.000000 93.000000 1.000000
0.000000 94.000000 1.000000
0.000000 95.000000 1.000000
0.000000 96.000000 1.000000
0.000000 97.000000 1.000000
0.000000 98.000000 1.000000
0.000000 99.000000 1.000000
0.000000 0.000000 1.000000
0.000000 1.000000 2.000000
-30.901699 2.000000 2.000000
-58.778525 3.000000 2.000000
-80.901699 4.000000 2.000000
-95.105652 5.000000 2.000000
-100.000000 6.000000 2.000000
-95.105652 7.000000 2.000000
-80.901699 8.000000 2.000000
-58.778525 9.000000 2.000000
-30.901699 10.000000 2.000000
-0.000000 11.000000 2.000000
30.901699 12.000000 2.000000
58.778525 13.000000 2.000000
80.901699 14.000000 2.000000
95.105652 15.000000 2.000000
100.000000 16.000000 2.000000
95.105652 17.000000 2.000000
80.901699 18.000000 2.000000
58.778525 19.000000 2.000000
30.901699 20.000000 2.000000
0.000000 21.000000 2.000000
-30.901699 22.000000 2.000000
-58.778525 23.000000 2.000000
-80.901699 24.000000 2.000000
-95.105652 25.000000 2.000000
-100.000000 26.000000 2.000000
-95.105652 27.000000 2.000000
-80.901699 28.000000 2.000000
-58.778525 29.000000 2.000000
-30.901699 30.000000 2.000000
-0.000000 31.000000 2.000000
30.901699 32.000000 2.000000
58.778525 33.000000 2.000000
80.901699 34.000000 2.000000
95.105652 35.000000 2.000000
100.000000 36.000000 2.000000
95.105652 37.000000 2.000000
80.901699 38.000000 2.000000
58.778525 39.000000 2.000000
30.901699 40.000000 2.000000
0.000000 41.000000 2.000000
-30.901699 42.000000 2.000000
-58.778525 43.000000 2.000000
-80.901699 44.000000 2.000000
-95.105652 45.000000 2.000000
-100.000000 46.000000 2.000000
-95.105652 47.000000 2.000000
-80.901699 48.000000 2.000000
-58.778525 49.000000 2.000000
-30.901699 50.000000 2.000000
-0.000000 51.000000 2.000000
30.901699 52.000000 2.000000
58.778525 53.000000 2.000000
80.901699 54.000000 2.000000
95.105652 55.000000 2.000000
100.000000 56.000000 2.000000
95.105652 57.000000 2.000000
80.901699 58.000000 2.000000
58.778525 59.000000 2.000000
30.901699 60.000000 2.000000
-0.000000 61.000000 2.000000
-30.901699 62.000000 2.000000
-58.778525 63.000000 2.000000
-80.901699 64.000000 2.000000
-95.105652 65.000000 2.000000
-100.000000 66.000000 2.000000
-95.105652 67.000000 2.000000
-80.901699 68.000000 2.000000
-58.778525 69.000000 2.000000
-30.901699 70.000000 2.000000
-0.000000 71.000000 2.000000
30.901699 72.000000 2.000000
58.778525 73.000000 2.000000
80.901699 74.000000 2.000000
95.105652 75.000000 2.000000
100.000000 76.000000 2.000000
95.105652 77.000000 2.000000
80.901699 78.000000 2.000000
58.778525 79.000000 2.000000
30.901699 80.000000 2.000000
-0.000000 81.000000 2.000000
-30.901699 82.000000 2.000000
-58.778525 83.000000 2.000000
-80.901699 84.000000 2.000000
-95.105652 85.000000 2.000000
-100.000000 86.000000 2.000000
-95.105652 87.000000 2.000000
-80.901699 88.000000 2.000000
-58.778525 89.000000 2.000000
-30.901699 90.000000 2.000000
-0.000000 91.000000 2.000000
30.901699 92.000000 2.000000
58.778525 93.000000 2.000000
80.901699 94.000000 2.000000
95.105652 95.000000 2.000000
100.000000 96.000000 2.000000
95.105652 97.000000 2.000000
80.901699 98.000000 2.000000
58.778525 99.000000 2.000000
30.901699 0.000000 2.000000
0.000000 1.000000 3.000000
0.000000 2.000000 3.000000
0.000000 3.000000 3.000000
0.000000 4.000000 3.000000
0.000000 5.000000 3.000000
0.000000 6.000000 3.000000
0.000000 7.000000 3.000000
0.000000 8.000000 3.000000
0.000000 9.000000 3.000000
0.000000 10.000000 3.000000
0.000000 11.000000 3.000000
0.000000 12.000000 3.000000
0.000000 13.000000 3.000000
0.000000 14.000000 3.000000
0.000000 15.000000 3.000000
0.000000 16.000000 3.000000
0.000000 17.000000 3.000000
0.000000 18.000000 3.000000
0.000000 19.000000 3.000000
0.000000 20.000000 3.000000
0.000000 21.000000 3.000000
0.000000 22.000000 3.000000
0.000000 23.000000 3.000000
0.000000 24.000000 3.000000
0.000000 25.000000 3.000000
0.000000 26.000000 3.000000
0.000000 27.000000 3.000000
0.000000 28.000000 3.000000
0.000000 29.000000 3.000000
0.000000 30.000000 3.000000
0.000000 31.000000 3.000000
0.000000 32.000000 3.000000
0.000000 33.000000 3.000000
0.000000 34.000000 3.000000
0.000000 35.000000 3.000000
0.000000 36.000000 3.000000
0.000000 37.000000 3.000000
0.000000 38.000000 3.000000
0.000000 39.000000 3.000000
0.000000 40.000000 3.000000
0.000000 41.000000 3.000000
0.000000 42.000000 3.000000
0.000000 43.000000 3.000000
0.000000 44.000000 3.000000
0.000000 45.000000 3.000000
0.000000 46.000000 3.000000
0.000000 47.000000 3.000000
0.000000 48.000000 3.000000
0.000000 49.000000 3.000000
0.000000 50.000000 3.000000
0.000000 51.000000 3.000000
0.000000 52.000000 3.000000
0.000000 53.000000 3.000000
0.000000 54.000000 3.000000
0.000000 55.000000 3.000000
0.000000 56.000000 3.000000
0.000000 57.000000 3.000000
0.000000 58.000000 3.000000
0.000000 59.000000 3.000000
0.000000 60.000000 3.000000
0.000000 61.000000 3.000000
0.000000 62.000000 3.000000
0.000000 63.000000 3.000000
0.000000 64.000000 3.000000
0.000000 65.000000 3.000000
0.000000 66.000000 3.000000
0.000000 67.000000 3.000000
0.000000 68.000000 3.000000
0.000000 69.000000 3.000000
0.000000 70.000000 3.000000
0.000000 71.000000 3.000000
0.000000 72.000000 3.000000
0.000000 73.000000 3.000000
0.000000 74.000000 3.000000
0.000000 75.000000 3.000000
0.000000 76.000000 3.000000
0.000000 77.000000 3.000000
0.000000 78.000000 3.000000
0.000000 79.000000 3.000000
0.000000 80.000000 3.000000
0.000000 81.000000 3.000000
0.000000 82.000000 3.000000
0.000000 83.000000 3.000000
0.000000 84.000000 3.000000
0.000000 85.000000 3.000000
0.000000 86.000000 3.000000
0.000000 87.000000 3.000000
0.000000 88.000000 3.000000
0.000000 89.000000 3.000000
0.000000 90.000000 3.000000
0.000000 91.000000 3.000000
0.000000 92.000000 3.000000
0.000000 93.000000 3.000000
0.000000 94.000000 3.000000
0.000000 95.000000 3.000000
0.000000 96.000000 3.000000
0.000000 97.000000 3.000000
0.000000 98.000000 3.000000
0.000000 99.000000 3.000000
0.000000 0.000000 3.000000
0.000000 1.000000 4.000000
-58.778525 2.000000 4.000000
-95.105652 3.000000 4.000000
-95.105652 4.000000 4.000000
-58.778525 5.000000 4.000000
-0.000000 6.000000 4.000000
58.778525 7.000000 4.000000
95.105652 8.000000 4.000000
95.105652 9.000000 4.000000
58.778525 10.000000 4.000000
0.000000 11.000000 4.000000
-58.778525 12.000000 4.000000
-95.105652 13.000000 4.000000
-95.105652 14.000000 4.000000
-58.778525 15.000000 4.000000
-0.000000 16.000000 4.000000
58.778525 17.000000 4.000000
95.105652 18.000000 4.000000
95.105652 19.000000 4.000000
58.778525 20.000000 4.000000
0.000000 21.000000 4.000000
-58.778525 22.000000 4.000000
-95.105652 23.000000 4.000000
-95.105652 24.000000 4.000000
-58.778525 25.000000 4.000000
-0.000000 26.000000 4.000000
58.778525 27.000000 4.000000
95.105652 28.000000 4.000000
95.105652 29.000000 4.000000
58.778525 30.000000 4.000000
-0.000000 31.000000 4.000000
-58.778525 32.000000 4.000000
-95.105652 33.000000 4.000000
-95.105652 34.000000 4.000000
-58.778525 35.000000 4.000000
-0.000000 36.000000 4.000000
58.778525 37.000000 4.000000
95.105652 38.000000 4.000000
95.105652 39.000000 4.000000
58.778525 40.000000 4.000000
-0.000000 41.000000 4.000000
-58.778525 42.000000 4.000000
-95.105652 43.000000 4.000000
-95.105652 44.000000 4.000000
-58.778525 45.000000 4.000000
-0.000000 46.000000 4.000000
58.778525 47.000000 4.000000
95.105652 48.000000 4.000000
95.105652 49.000000 4.000000
58.778525 50.000000 4.000000
-0.000000 51.000000 4.000000
-58.778525 52.000000 4.000000
-95.105652 53.000000 4.000000
-95.105652 54.000000 4.000000
-58.778525 55.000000 4.000000
0.000000 56.000000 4.000000
58.778525 57.000000 4.000000
95.105652 58.000000 4.000000
95.105652 59.000000 4.000000
58.778525 60.000000 4.000000
-0.000000 61.000000 4.000000
-58.778525 62.000000 4.000000
-95.105652 63.000000 4.000000
-95.105652 64.000000 4.000000
-58.778525 65.000000 4.000000
0.000000 66.000000 4.000000
58.778525 67.000000 4.000000
95.105652 68.000000 4.000000
95.105652 69.000000 4.000000
58.778525 70.000000 4.000000
-0.000000 71.000000 4.000000
-58.778525 72.000000 4.000000
-95.105652 73.000000 4.000000
-95.105652 74.000000 4.000000
-58.778525 75.000000 4.000000
-0.000000 76.000000 4.000000
58.778525 77.000000 4.000000
95.105652 78.000000 4.000000
95.105652 79.000000 4.000000
58.778525 80.000000 4.000000
0.000000 81.000000 4.000000
-58.778525 82.000000 4.000000
-95.105652 83.000000 4.000000
-95.105652 84.000000 4.000000
-58.778525 85.000000 4.000000
-0.000000 86.000000 4.000000
58.778525 87.000000 4.000000
95.105652 88.000000 4.000000
95.105652 89.000000 4.000000
58.778525 90.000000 4.000000
0.000000 91.000000 4.000000
-58.778525 92.000000 4.000000
-95.105652 93.000000 4.000000
-95.105652 94.000000 4.000000
-58.778525 95.000000 4.000000
-0.000000 96.000000 4.000000
58.778525 97.000000 4.000000
95.105652 98.000000 4.000000
95.105652 99.000000 4.000000
58.778525 0.000000 4.000000
0.000000 1.000000 5.000000
0.000000 2.000000 5.000000
0.000000 3.000000 5.000000
0.000000 4.000000 5.000000
0.000000 5.000000 5.000000
0.000000 6.000000 5.000000
0.000000 7.000000 5.000000
0.000000 8.000000 5.000000
0.000000 9.000000 5.000000
0.000000 10.000000 5.000000
0.000000 11.000000 5.000000
0.000000 12.000000 5.000000
0.000000 13.000000 5.000000
0.000000 14.000000 5.000000
0.000000 15.000000 5.000000
0.000000 16.000000 5.000000
0.000000 17.000000 5.000000
0.000000 18.000000 5.000000
0.000000 19.000000 5.000000
0.000000 20.000000 5.000000
0.000000 21.000000 5.000000
0.000000 22.000000 5.000000
0.000000 23.000000 5.000000
0.000000 24.000000 5.000000
0.000000 25.000000 5.000000
0.000000 26.000000 5.000000
0.000000 27.000000 5.000000
0.000000 28.000000 5.000000
0.000000 29.000000 5.000000
0.000000 30.000000 5.000000
0.000000 31.000000 5.000000
0.000000 32.000000 5.000000
0.000000 33.000000 5.000000
0.000000 34.000000 5.000000
0.000000 35.000000 5.000000
0.000000 36.000000 5.000000
0.000000 37.000000 5.000000
0.000000 38.000000 5.000000
0.000000 39.000000 5.000000
0.000000 40.000000 5.000000
0.000000 41.000000 5.000000
0.000000 42.000000 5.000000
0.000000 43.000000 5.000000
0.000000 44.000000 5.000000
0.000000 45.000000 5.000000
0.000000 46.000000 5.000000
0.000000 47.000000 5.000000
0.000000 48.000000 5.000000
0.000000 49.000000 5.000000
0.000000 50.000000 5.000000
0.000000 51.000000 5.000000
0.000000 52.000000 5.000000
0.000000 53.000000 5.000000
0.000000 54.000000 5.000000
0.000000 55.000000 5.000000
0.000000 56.000000 5.000000
0.000000 57.000000 5.000000
0.000000 58.000000 5.000000
0.000000 59.000000 5.000000
0.000000 60.000000 5.000000
0.000000 61.000000 5.000000
0.000000 62.000000 5.000000
0.000000 63.000000 5.000000
0.000000 64.000000 5.000000
0.000000 65.000000 5.000000
0.000000 66.000000 5.000000
0.000000 67.000000 5.000000
0.000000 68.000000 5.000000
0.000000 69.000000 5.000000
0.000000 70.000000 5.000000
0.000000 71.000000 5.000000
0.000000 72.000000 5.000000
0.000000 73.000000 5.000000
0.000000 74.000000 5.000000
0.000000 75.000000 5.000000
0.000000 76.000000 5.000000
0.000000 77.000000 5.000000
0.000000 78.000000 5.000000
0.000000 79.000000 5.000000
0.000000 80.000000 5.000000
0.000000 81.000000 5.000000
0.000000 82.000000 5.000000
0.000000 83.000000 5.000000
0.000000 84.000000 5.000000
0.000000 85.000000 5.000000
0.000000 86.000000 5.000000
0.000000 87.000000 5.000000
0.000000 88.000000 5.000000
0.000000 89.000000 5.000000
0.000000 90.000000 5.000000
0.000000 91.000000 5.000000
0.000000 92.000000 5.000000
0.000000 93.000000 5.000000
0.000000 94.000000 5.000000
0.000000 95.000000 5.000000
0.000000 96.000000 5.000000
0.000000 97.000000 5.000000
0.000000 98.000000 5.000000
0.000000 99.000000 5.000000
0.000000 0.000000 5.000000
0.000000 1.000000 6.000000
-80.901699 2.000000 6.000000
-95.105652 3.000000 6.000000
-30.901699 4.000000 6.000000
58.778525 5.000000 6.000000
100.000000 6.000000 6.000000
58.778525 7.000000 6.000000
-30.901699 8.000000 6.000000
-95.105652 9.000000 6.000000
-80.901699 10.000000 6.000000
-0.000000 11.000000 6.000000
80.901699 12.000000 6.000000
95.105652 13.000000 6.000000
30.901699 14.000000 6.000000
-58.778525 15.000000 6.000000
-100.000000 16.000000 6.000000
-58.778525 17.000000 6.000000
30.901699 18.000000 6.000000
95.105652 19.000000 6.000000
80.901699 20.000000 6.000000
-0.000000 21.000000 6.000000
-80.901699 22.000000 6.000000
-95.105652 23.000000 6.000000
-30.901699 24.000000 6.000000
58.778525 25.000000 6.000000
100.000000 26.000000 6.000000
58.778525 27.000000 6.000000
-30.901699 28.000000 6.000000
-95.105652 29.000000 6.000000
-80.901699 30.000000 6.000000
-0.000000 31.000000 6.000000
80.901699 32.000000 6.000000
95.105652 33.000000 6.000000
30.901699 34.000000 6.000000
-58.778525 35.000000 6.000000
-100.000000 36.000000 6.000000
-58.778525 37.000000 6.000000
30.901699 38.000000 6.000000
95.105652 39.000000 6.000000
80.901699 40.000000 6.000000
-0.000000 41.000000 6.000000
-80.901699 42.000000 6.000000
-95.105652 43.000000 6.000000
-30.901699 44.000000 6.000000
58.778525 45.000000 6.000000
100.000000 46.000000 6.000000
58.778525 47.000000 6.000000
-30.901699 48.000000 6.000000
-95.105652 49.000000 6.000000
-80.901699 50.000000 6.000000
-0.000000 51.000000 6.000000
80.901699 52.000000 6.000000
95.105652 53.000000 6.000000
30.901699 54.000000 6.000000
-58.778525 55.000000 6.000000
-100.000000 56.000000 6.000000
-58.778525 57.000000 6.000000
30.901699 58.000000 6.000000
95.105652 59.000000 6.000000
80.901699 60.000000 6.000000
0.000000 61.000000 6.000000
-80.901699 62.000000 6.000000
-95.105652 63.000000 6.000000
-30.901699 64.000000 6.000000
58.778525 65.000000 6.000000
100.000000 66.000000 6.000000
58.778525 67.000000 6.000000
-30.901699 68.000000 6.000000
-95.105652 69.000000 6.000000
-80.901699 70.000000 6.000000
-0.000000 71.000000 6.000000
80.901699 72.000000 6.000000
95.105652 73.000000 6.000000
30.901699 74.000000 6.000000
-58.778525 75.000000 6.000000
-100.000000 76.000000 6.000000
-58.778525 77.000000 6.000000
30.901699 78.000000 6.000000
95.105652 79.000000 6.000000
80.901699 80.000000 6.000000
0.000000 81.000000 6.000000
-80.901699 82.000000 6.000000
-95.105652 83.000000 6.000000
-30.901699 84.000000 6.000000
58.778525 85.000000 6.000000
100.000000 86.000000 6.000000
58.778525 87.000000 6.000000
-30.901699 88.000000 6.000000
-95.105652 89.000000 6.000000
-80.901699 90.000000 6.000000
-0.000000 91.000000 6.000000
80.901699 92.000000 6.000000
95.105652 93.000000 6.000000
30.901699 94.000000 6.000000
-58.778525 95.000000 6.000000
-100.000000 96.000000 6.000000
-58.778525 97.000000 6.000000
30.901699 98.000000 6.000000
95.105652 99.000000 6.000000
80.901699 0.000000 6.000000
0.000000 1.000000 7.000000
0.000000 2.000000 7.000000
0.000000 3.000000 7.000000
0.000000 4.000000 7.000000
0.000000 5.000000 7.000000
0.000000 6.000000 7.000000
0.000000 7.000000 7.000000
0.000000 8.000000 7.000000
0.000000 9.000000 7.000000
0.000000 10.000000 7.000000
0.000000 11.000000 7.000000
0.000000 12.000000 7.000000
0.000000 13.000000 7.000000
0.000000 14.000000 7.000000
0.000000 15.000000 7.000000
0.000000 16.000000 7.000000
0.000000 17.000000 7.000000
0.000000 18.000000 7.000000
0.000000 19.000000 7.000000
0.000000 20.000000 7.000000
0.000000 21.000000 7.000000
0.000000 22.000000 7.000000
0.000000 23.000000 7.000000
0.000000 24.000000 7.000000
0.000000 25.000000 7.000000
0.000000 26.000000 7.000000
0.000000 27.000000 7.000000
0.000000 28.000000 7.000000
0.000000 29.000000 7.000000
0.000000 30.000000 7.000000
0.000000 31.000000 7.000000
0.000000 32.000000 7.000000
0.000000 33.000000 7.000000
0.000000 34.000000 7.000000
0.000000 35.000000 7.000000
0.000000 36.000000 7.000000
0.000000 37.000000 7.000000
0.000000 38.000000 7.000000
0.000000 39.000000 7.000000
0.000000 40.000000 7.000000
0.000000 41.000000 7.000000
0.000000 42.000000 7.000000
0.000000 43.000000 7.000000
0.000000 44.000000 7.000000
0.000000 45.000000 7.000000
0.000000 46.000000 7.000000
0.000000 47.000000 7.000000
0.000000 48.000000 7.000000
0.000000 49.000000 7.000000
0.000000 50.000000 7.000000
0.000000 51.000000 7.000000
0.000000 52.000000 7.000000
0.000000 53.000000 7.000000
0.000000 54.000000 7.000000
0.000000 55.000000 7.000000
0.000000 56.000000 7.000000
0.000000 57.000000 7.000000
0.000000 58.000000 7.000000
0.000000 59.000000 7.000000
0.000000 60.000000 7.000000
0.000000 61.000000 7.000000
0.000000 62.000000 7.000000
0.000000 63.000000 7.000000
0.000000 64.000000 7.000000
0.000000 65.000000 7.000000
0.000000 66.000000 7.000000
0.000000 67.000000 7.000000
0.000000 68.000000 7.000000
0.000000 69.000000 7.000000
0.000000 70.000000 7.000000
0.000000 71.000000 7.000000
0.000000 72.000000 7.000000
0.000000 73.000000 7.000000
0.000000 74.000000 7.000000
0.000000 75.000000 7.000000
0.000000 76.000000 7.000000
0.000000 77.000000 7.000000
0.000000 78.000000 7.000000
0.000000 79.000000 7.000000
0.000000 80.000000 7.000000
0.000000 81.000000 7.000000
0.000000 82.000000 7.000000
0.000000 83.000000 7.000000
0.000000 84.000000 7.000000
0.000000 85.000000 7.000000
0.000000 86.000000 7.000000
0.000000 87.000000 7.000000
0.000000 88.000000 7.000000
0.000000 89.000000 7.000000
0.000000 90.000000 7.000000
0.000000 91.000000 7.000000
0.000000 92.000000 7.000000
0.000000 93.000000 7.000000
0.000000 94.000000 7.000000
0.000000 95.000000 7.000000
0.000000 96.000000 7.000000
0.000000 97.000000 7.000000
0.000000 98.000000 7.000000
0.000000 99.000000 7.000000
0.000000 0.000000 7.000000
